# This file may be used to create an environment using:
# $ conda create --name <env> --file <this file>
# platform: osx-64
autopep8=1.5.3=py_0
bzip2=1.0.8=h0b31af3_2
ca-certificates=2020.6.20=hecda079_0
cachetools=4.1.0=pypi_0
cairo=1.16.0=ha8983da_1004
certifi=2020.6.20=py38h32f6830_0
chardet=3.0.4=pypi_0
click=7.1.2=py_0
ffmpeg=4.2.3=hd0c0d6a_0
flask=1.1.2=py_0
flask-cors=3.0.8=pypi_0
fontconfig=2.13.1=h79c0d67_1002
freetype=2.10.2=h8da9a1a_0
gettext=0.19.8.1=h46ab8bc_1002
glib=2.65.0=h577aef8_0
gmp=6.2.0=h4a8c4bd_2
gnutls=3.6.13=hc269f14_0
google-api-core=1.21.0=pypi_0
google-api-python-client=1.9.3=pypi_0
google-auth=1.18.0=pypi_0
google-auth-httplib2=0.0.3=pypi_0
googleapis-common-protos=1.52.0=pypi_0
graphite2=1.3.13=h12caacf_1001
harfbuzz=2.4.0=h1050040_5
hdf5=1.10.6=nompi_h3e39495_100
httplib2=0.18.1=pypi_0
icu=67.1=h4a8c4bd_0
idna=2.9=pypi_0
itsdangerous=1.1.0=py_0
jasper=1.900.1=h636a363_1006
jinja2=2.11.2=py_0
jpeg=9d=h0b31af3_0
lame=3.100=h1de35cc_1001
libblas=3.8.0=16_openblas
libcblas=3.8.0=16_openblas
libcxx=10.0.0=1
libedit=3.1.20181209=hb402a30_0
libffi=3.2.1=h4a8c4bd_1007
libgfortran=4.0.0=2
libiconv=1.15=h0b31af3_1006
liblapack=3.8.0=16_openblas
liblapacke=3.8.0=16_openblas
libopenblas=0.3.9=h3d69b6c_0
libopencv=4.3.0=py38_1
libpng=1.6.37=hbbe82c9_1
libtiff=4.1.0=h2ae36a8_6
libwebp-base=1.1.0=h0b31af3_3
libxml2=2.9.10=hc06c4ae_1
llvm-openmp=10.0.0=h28b9765_0
lz4-c=1.9.2=h4a8c4bd_1
markupsafe=1.1.1=py38h1de35cc_0
ncurses=6.2=h0a44026_1
nettle=3.4.1=h3efe00b_1002
numpy=1.18.5=py38h1f821a2_0
opencv=4.3.0=py38_1
openh264=2.1.1=hd174df1_0
openssl=1.1.1g=h0b31af3_0
pcre=8.44=h4a8c4bd_0
pip=20.0.2=py38_3
pixman=0.38.0=h01d97ff_1003
protobuf=3.12.2=pypi_0
py-opencv=4.3.0=py38h23f93f0_1
pyasn1=0.4.8=pypi_0
pyasn1-modules=0.2.8=pypi_0
pycodestyle=2.6.0=py_0
pysrt=1.1.2=pypi_0
python=3.8.1=h359304d_1
python_abi=3.8=1_cp38
pytz=2020.1=pypi_0
readline=7.0=h1de35cc_5
requests=2.24.0=pypi_0
rsa=4.6=pypi_0
setuptools=46.4.0=py38_0
six=1.15.0=pypi_0
some-package=0.1=pypi_0
sqlite=3.31.1=h5c1f38d_1
srt=3.3.0=pypi_0
tk=8.6.8=ha441bb4_0
toml=0.10.1=py_0
uritemplate=3.0.1=pypi_0
urllib3=1.25.9=pypi_0
werkzeug=1.0.1=py_0
wheel=0.34.2=py38_0
x264=1!152.20180806=h1de35cc_0
xz=5.2.5=h1de35cc_0
you-get=0.4.1432=pypi_0
zlib=1.2.11=h1de35cc_3
zstd=1.4.4=h4b3e974_3
